0000	50 41 01 00 50 00 59 00  0a 42 1e 00 0c 00 00 00   PA..P.Y..B......
0010	00 00 42 00 ee 19 58 33  5f 44 c6 08 dc 3b 1e 44   ..B...X3_D...;.D
0020	30 22 ac 19 72 2a 08 11  84 08 00 00 14 00 1e 00   0"..r*..........
0030	28 00 36 00 4a 00 54 00  5e 00 6c 00 76 00 80 00   (.6.J.T.^.l.v...
0040	8a 00 98 00 a2 00 ac 00  b6 00 c4 00 d3 00 b5 00   ................
0050	97 00 79 00 88 00 6a 00  4c 00 2e 00 02 00 82 01   ..y...j.L.......
0060	02 03 22 04 83 00 00 05  06 24 04 82 00 05 07 25   .."......$.....%
0070	04 81 00 03 26 04 80 05  27 04 80 08 27 04 80 08   ....&...'...'...
0080	27 04 80 08 27 04 80 08  27 04 80 08 27 04 80 08   '...'...'...'...
0090	27 04 80 08 27 04 80 08  27 04 80 08 27 04 80 08   '...'...'...'...
00a0	27 04 80 08 27 04 80 08  27 04 80 08 27 04 80 08   '...'...'...'...
00b0	27 04 80 08 27 04 80 08  27 04 80 08 27 04 80 08   '...'...'...'...
00c0	27 04 80 08 27 04 80 08  27 04 80 08 27 04 80 08   '...'...'...'...
00d0	27 04 80 08 27 04 80 08  27 04 80 08 27 04 80 08   '...'...'...'...
00e0	27 04 80 08 27 04 80 08  27 04 80 08 27 04 80 08   '...'...'...'...
00f0	27 04 80 08 27 04 80 08  27 04 80 08 27 04 80 08   '...'...'...'...
0100	27 04 80 08 27 04 80 08  27 04 21 04 82 03 02 01   '...'...'.!.....
0110	02 00 23 04 83 06 05 00  00 24 04 82 07 05 00 25   ..#......$.....%
0120	04 81 03 00 26 04 80 05  26 04 80 08 26 04 80 08   ....&...&...&...
0130	26 04 80 08 26 04 80 08  26 04 80 08 26 04 80 08   &...&...&...&...
0140	26 04 80 08 26 04 80 08  26 04 80 08 26 04 80 08   &...&...&...&...
0150	26 04 80 08 26 04 80 08  26 04 80 08 26 04 80 08   &...&...&...&...
0160	26 04 80 08 26 04 80 08  26 04 80 08 26 04 80 08   &...&...&...&...
0170	26 04 80 08 26 04 80 08  26 04 80 08 26 04 80 08   &...&...&...&...
0180	26 04 80 08 26 04 80 08  26 04 80 08 26 04 80 08   &...&...&...&...
0190	26 04 80 08 26 04 80 08  26 04 80 08 26 04 80 08   &...&...&...&...
01a0	26 04 80 08 26 04 80 08  26 04 80 08 26 04 80 08   &...&...&...&...
01b0	26 04 80 08 26 04 80 08  80 08 27 04 80 08 27 04   &...&.....'...'.
01c0	80 08 27 04 80 08 27 04  80 08 27 04 80 08 27 04   ..'...'...'...'.
01d0	80 08 27 04 80 08 27 04  80 08 27 04 80 08 27 04   ..'...'...'...'.
01e0	80 08 27 04 80 08 27 04  80 08 27 04 80 08 27 04   ..'...'...'...'.
01f0	80 08 27 04 80 08 27 04  80 08 27 04 80 08 27 04   ..'...'...'...'.
0200	80 08 27 04 80 08 27 04  80 08 27 04 80 08 27 04   ..'...'...'...'.
0210	80 08 27 04 80 08 27 04  80 08 27 04 80 08 27 04   ..'...'...'...'.
0220	80 08 27 04 80 08 27 04  80 08 27 04 80 08 27 04   ..'...'...'...'.
0230	80 08 27 04 80 08 27 04  80 08 27 04 80 08 27 04   ..'...'...'...'.
0240	80 08 27 04 80 08 27 04  80 08 27 04 80 08 27 04   ..'...'...'...'.
0250	80 08 27 04 80 08 27 04  80 08 27 04 26 04 80 08   ..'...'...'.&...
0260	26 04 80 08 26 04 80 08  26 04 80 08 26 04 80 08   &...&...&...&...
0270	26 04 80 08 26 04 80 08  26 04 80 08 26 04 80 08   &...&...&...&...
0280	26 04 80 08 26 04 80 08  26 04 80 08 26 04 80 08   &...&...&...&...
0290	26 04 80 08 26 04 80 08  26 04 80 08 26 04 80 08   &...&...&...&...
02a0	26 04 80 08 26 04 80 08  26 04 80 08 26 04 80 08   &...&...&...&...
02b0	26 04 80 08 26 04 80 08  26 04 80 08 26 04 80 08   &...&...&...&...
02c0	26 04 80 08 26 04 80 08  26 04 80 08 26 04 80 08   &...&...&...&...
02d0	26 04 80 08 26 04 80 08  26 04 80 08 26 04 80 08   &...&...&...&...
02e0	26 04 80 08 26 04 80 08  26 04 80 08 26 04 80 08   &...&...&...&...
02f0	26 04 80 08 26 04 80 08  26 04 80 08 26 04 80 08   &...&...&...&...
0300	80 08 27 04 80 08 27 04  80 08 27 04 80 09 27 04   ..'...'...'...'.
0310	81 01 07 26 04 81 00 09  26 04 82 00 00 0a 25 04   ...&....&.....%.
0320	02 00 81 0b 03 23 04 04  00 80 0c 22 0b 26 04 80   .....#.....".&..
0330	08 26 04 80 08 26 04 80  08 26 04 80 09 25 04 81   .&...&...&...%..
0340	07 01 25 04 81 09 00 24  04 82 08 00 00 22 04 81   ..%....$....."..
0350	03 0b 02 00 21 0b 80 0c  04 00                     ....!.....
